544412
544190
543319
543346
540718
544422
544500
543938
544431
539570
536737
544213
540146
544435
543309
780018
543377
544669
544224
537492
543941
544072
544516
544425
543453
543937
543804
543678
544555
544037
544169
539265
544353
541006
544445
544529
539403
541401
544025
543943
544183
544409
544628
544417
539099
544671
536492
544505
780004
544337
544177
544670
543497
544468
544369
541178
544052
538576
544535
544551
543209
540148
543926
544474
535279
543971
543439
544335
543831
544101
544231
543543
539637
543621
543618
542934
544000
543920
544151
542678
544442
544561
540681
544546
544324
780013
544514
543435
544347
543619
535142
544343
543843
543921
543606
543928
543172
544195
542727
540903
544440
540652
544220
544667
543651
544331
542002
544036
780006
544387
543848
544201
542155
543753
544556
543516
540151
544170
541299
540811
543410
543594
540144
543713
540695
544549
543765
534927
534839
543518
541053
543475
544166
538684
543595
544475
544094
542668
543500
544626
543895
544164
544332
543444
539098
543312
543521
539839
540945
544173
544616
539680
539041
543709
544348
538319
535917
544156
540613
544199
543372
539864
542477
544444
543520
544665
544494
543239
542850
543538
544504
780012
544548
544108
540938
544163
544312
538731
544105
780014
542592
543546
544630
544349
535217
544656
543916
542935
544483
544426
544388
540152
543620
544334
543769
544567
541083
544393
543905
541983
541353
543951
543806
780001
542924
543544
544160
544524
540394
543286
538794
540850
540651
780019
542653
534659
542446
538765
544304
544542
540756
543979
543939
544023
544511
537784
539788
544398
543542
544270
543953
544221
544013
544624
540812
540468
544139
544150
544509
544554
544641
543830
537669
541196
544341
544489
544366
543746
544625
544518
544635
543624
541973
543613
544188
544611
542503
543874
544351
540402
544287
544400
544437
534563
544248
544106
780009
544073
544472
544441
544637
540150
541337
544015
542801
544575
544623
544451
544553
543262
539229
544453
544313
544668
544373
543579
539521
543305
544510
544434
540698
544663
536644
544265
544245
544495
544296
542771
544269
544571
544370
543522
540416
543578
544559
543400
539116
543997
544498
543637
544657
544330
544460
543798
539352
543814
539273
544141
544259
543540
544178
539401
543352
537573
544383
544538
543363
544643
543375
544378
544627
534109
544091
543460
543982
544503
541703
538921
544291
544236
541945
544237
544629
543285
544640
544552
543617
540426
544463
543805
544391
543902
543744
541151
544340
540843
536456
540358
543787
542145
542599
544143
540082
539836
544121
544257
544596
540715
543541
544520
780015
543897
544189
543366
540782
544074
543537
535647
543782
543515
544428
543519
543391
544365
544059
534708
544506
543963
543244
544646
540072
544165
544272
544582
543970
544083
544372
544458
541112
544607
540736
544585
543536
538667
543598
544047
542728
542146
540269
544584
544056
543065
541799
544560
544354
544539
543924
540084
544392
543464
544035
536710
544399
535466
543615
544251
544621
539026
543461
544171
544659
544482
536738
543622
544267
536671
543828
544501
542683
544001
542025
544566
544381
780008
541701
543274
543799
543373
543745
544082
544368
544452
539842
544541
544471
540332
538496
543991
544327
543656
544544
537119
544175
544214
543310
539985
543616
544594
543754
544242
544531
544303
544464
544406
544648
537582
544433
544565
544436
544329
540729
544168
544508
543623
543931
543545
890163
544002
543597
544011
544157
544219
541445
539337
780016
538128
544610
544636
544310
540550
544568
544563
538579
